"401,353,470,363,511,338,467,339"
"516,338,473,364,568,379,594,348"
"597,349,573,379,682,399,712,359"
"715,359,685,400,787,418,818,374"
"822,374,791,419,893,440,918,395"
"922,396,897,441,975,462,1026,417,1000,408"
"1029,418,977,464,1072,499,1084,509,1089,521,1129,455"
"1132,457,1089,526,1250,565,1283,496"
"1247,569,1214,639,1054,601,1088,529"
"1207,653,1179,715,1166,719,1024,686,1055,617"
"903,580,1052,616,1021,685,866,649"
"900,579,863,649,707,612,732,538"
"729,537,704,611,575,581,609,509"
"606,508,572,580,422,545,468,474"
"465,473,418,544,284,514,328,440"
"324,439,280,513,114,474,226,415"
"233,405,259,416,316,428,348,381,308,374,277,379"
"351,382,320,429,381,443,403,390"
"407,391,385,444,466,463,473,401"
"476,401,470,465,543,482,547,418"
"550,419,547,483,662,510,644,450,563,421"
"649,452,666,511,904,566,930,522"
"907,568,1038,598,1074,524,1075,518,1071,513,1064,507,1055,502,1040,495,1024,489,1009,483,995,479,978,473,966,469"
"798,428,767,478,932,520,963,468,899,450"
"683,407,649,449,764,477,794,427"
"566,388,541,413,563,418,645,448,679,407"
"471,374,457,396,481,399,537,412,562,387"
"422,364,396,386,453,395,467,373"
"419,363,386,357,315,371,353,379,393,385"
