    "399,353,470,367,516,339,463,342"
    "475,368,568,383,597,348,516,340"
    "571,383,681,404,716,359,598,346"
    "684,402,789,421,822,374,716,360"
    "789,424,895,442,924,392,825,370"
    "896,443,975,465,1028,418,926,390"
    "978,468,1031,422,1133,458,1089,524,1080,506"
    "1091,527,1133,460,1287,498,1251,568"
    "1253,570,1216,643,1054,606,1090,531"
    "1213,653,1185,721,1024,689,1056,615"
    "1053,613,1022,689,863,660,907,575"
    "904,575,860,658,703,627,733,534"
    "730,536,702,624,569,590,610,509"
    "609,505,567,590,416,556,471,472"
    "467,471,416,552,283,521,330,439"
    "328,437,283,519,105,477,224,412"
    "232,409,308,375,350,382,318,431"
    "352,383,322,431,381,447,405,393"
    "407,394,386,445,468,468,475,402"
    "478,402,550,417,545,483,472,466"
    "548,483,550,417,648,449,665,510"
    "651,453,667,513,906,568,931,523"
    "967,469,908,569,1045,600,1077,524,1072,510"
    "965,470,933,521,769,478,799,429,892,447"
    "683,407,649,448,766,478,795,428"
    "569,387,542,413,571,421,648,446,680,409"
    "566,386,540,412,478,400,458,395,473,371"
    "469,372,457,396,396,387,425,362"
    "390,358,314,372,395,387,420,363"